14942
2119
24100
7658
3043
3455
5870
5882
3053
26370
1367
102184
5860
5757
101746
110100
111866
93936
93942
94065
94995
95018
95093
95150
95204
86971
93901
76306
4018
2528
216
100747
6556
10245
7955
3020
16855
98719
15758
7467
93318
8318
3024
92089
103671
20537
81157
20792
3675
7950
16167
97056
18436
11822
77005
18008
89744
106515
82471
27810
89733
88701
29887
12514
3298
1471
74536
1025
4809
34034
8962
32041
3227
27212
87187
3021
86344
419
15800
73775
825
95377
697
83752
103929
5608
3595
2469
89625
74147
101432
5526
103484
33742
2675
